const I16 NTC_Table[1024] = {
      0,       2,       4,       6,       8,      10,      12,      14,      16,      18,      20,      22,      24,      26,      28,      30, 
     32,      34,      36,      38,      40,      42,      44,      46,      48,      50,      52,      54,      56,      58,      60,      62, 
     65,      67,      69,      71,      73,      75,      77,      79,      81,      83,      86,      88,      90,      92,      94,      96, 
     98,     101,     103,     105,     107,     109,     111,     114,     116,     118,     120,     122,     124,     127,     129,     131, 
    133,     136,     138,     140,     142,     145,     147,     149,     151,     154,     156,     158,     160,     163,     165,     167, 
    169,     172,     174,     176,     179,     181,     183,     186,     188,     190,     193,     195,     197,     200,     202,     205, 
    207,     209,     212,     214,     216,     219,     221,     224,     226,     229,     231,     233,     236,     238,     241,     243, 
    246,     248,     251,     253,     256,     258,     260,     263,     265,     268,     271,     273,     276,     278,     281,     283, 
    286,     288,     291,     293,     296,     299,     301,     304,     306,     309,     312,     314,     317,     319,     322,     325, 
    327,     330,     333,     335,     338,     341,     343,     346,     349,     351,     354,     357,     359,     362,     365,     368, 
    370,     373,     376,     379,     381,     384,     387,     390,     393,     395,     398,     401,     404,     407,     409,     412, 
    415,     418,     421,     424,     427,     429,     432,     435,     438,     441,     444,     447,     450,     453,     456,     459, 
    462,     465,     467,     470,     473,     476,     479,     482,     485,     488,     491,     495,     498,     501,     504,     507, 
    510,     513,     516,     519,     522,     525,     528,     532,     535,     538,     541,     544,     547,     550,     554,     557, 
    560,     563,     566,     570,     573,     576,     579,     583,     586,     589,     592,     596,     599,     602,     606,     609, 
    612,     616,     619,     622,     626,     629,     632,     636,     639,     643,     646,     649,     653,     656,     660,     663, 
    667,     670,     674,     677,     681,     684,     688,     691,     695,     698,     702,     705,     709,     713,     716,     720, 
    723,     727,     731,     734,     738,     742,     745,     749,     753,     756,     760,     764,     768,     771,     775,     779, 
    783,     786,     790,     794,     798,     802,     805,     809,     813,     817,     821,     825,     829,     833,     837,     840, 
    844,     848,     852,     856,     860,     864,     868,     872,     876,     880,     885,     889,     893,     897,     901,     905, 
    909,     913,     917,     922,     926,     930,     934,     938,     943,     947,     951,     955,     960,     964,     968,     972, 
    977,     981,     985,     990,     994,     999,    1003,    1007,    1012,    1016,    1021,    1025,    1030,    1034,    1039,    1043, 
   1048,    1052,    1057,    1061,    1066,    1070,    1075,    1080,    1084,    1089,    1094,    1098,    1103,    1108,    1112,    1117, 
   1122,    1127,    1131,    1136,    1141,    1146,    1151,    1156,    1160,    1165,    1170,    1175,    1180,    1185,    1190,    1195, 
   1200,    1205,    1210,    1215,    1220,    1225,    1230,    1235,    1241,    1246,    1251,    1256,    1261,    1266,    1272,    1277, 
   1282,    1287,    1293,    1298,    1303,    1309,    1314,    1319,    1325,    1330,    1336,    1341,    1346,    1352,    1357,    1363, 
   1368,    1374,    1380,    1385,    1391,    1396,    1402,    1408,    1413,    1419,    1425,    1430,    1436,    1442,    1448,    1454, 
   1459,    1465,    1471,    1477,    1483,    1489,    1495,    1501,    1507,    1513,    1519,    1525,    1531,    1537,    1543,    1549, 
   1556,    1562,    1568,    1574,    1580,    1587,    1593,    1599,    1606,    1612,    1618,    1625,    1631,    1638,    1644,    1651, 
   1657,    1664,    1670,    1677,    1683,    1690,    1697,    1703,    1710,    1717,    1724,    1730,    1737,    1744,    1751,    1758, 
   1765,    1772,    1779,    1786,    1793,    1800,    1807,    1814,    1821,    1828,    1835,    1842,    1850,    1857,    1864,    1871, 
   1879,    1886,    1894,    1901,    1908,    1916,    1923,    1931,    1938,    1946,    1954,    1961,    1969,    1977,    1984,    1992, 
   2000,    2008,    2016,    2024,    2031,    2039,    2047,    2055,    2063,    2072,    2080,    2088,    2096,    2104,    2112,    2121, 
   2129,    2137,    2146,    2154,    2163,    2171,    2180,    2188,    2197,    2205,    2214,    2223,    2231,    2240,    2249,    2258, 
   2267,    2276,    2285,    2294,    2303,    2312,    2321,    2330,    2339,    2348,    2357,    2367,    2376,    2385,    2395,    2404, 
   2414,    2423,    2433,    2443,    2452,    2462,    2472,    2481,    2491,    2501,    2511,    2521,    2531,    2541,    2551,    2561, 
   2571,    2582,    2592,    2602,    2613,    2623,    2633,    2644,    2655,    2665,    2676,    2686,    2697,    2708,    2719,    2730, 
   2741,    2752,    2763,    2774,    2785,    2796,    2808,    2819,    2830,    2842,    2853,    2865,    2876,    2888,    2900,    2911, 
   2923,    2935,    2947,    2959,    2971,    2983,    2995,    3007,    3020,    3032,    3044,    3057,    3069,    3082,    3095,    3107, 
   3120,    3133,    3146,    3159,    3172,    3185,    3198,    3211,    3224,    3238,    3251,    3265,    3278,    3292,    3306,    3319, 
   3333,    3347,    3361,    3375,    3389,    3404,    3418,    3432,    3447,    3461,    3476,    3491,    3505,    3520,    3535,    3550, 
   3565,    3580,    3596,    3611,    3626,    3642,    3657,    3673,    3689,    3705,    3721,    3737,    3753,    3769,    3785,    3802, 
   3818,    3835,    3851,    3868,    3885,    3902,    3919,    3936,    3953,    3971,    3988,    4006,    4024,    4041,    4059,    4077, 
   4095,    4113,    4132,    4150,    4169,    4187,    4206,    4225,    4244,    4263,    4282,    4302,    4321,    4341,    4360,    4380, 
   4400,    4420,    4440,    4461,    4481,    4502,    4522,    4543,    4564,    4585,    4606,    4628,    4649,    4671,    4693,    4715, 
   4737,    4759,    4781,    4804,    4827,    4849,    4872,    4896,    4919,    4942,    4966,    4990,    5014,    5038,    5062,    5087, 
   5111,    5136,    5161,    5186,    5211,    5237,    5262,    5288,    5314,    5341,    5367,    5394,    5420,    5447,    5474,    5502, 
   5529,    5557,    5585,    5613,    5642,    5670,    5699,    5728,    5758,    5787,    5817,    5847,    5877,    5907,    5938,    5969, 
   6000,    6031,    6063,    6095,    6127,    6159,    6192,    6225,    6258,    6291,    6325,    6359,    6393,    6428,    6463,    6498, 
   6533,    6569,    6605,    6641,    6678,    6715,    6752,    6790,    6828,    6866,    6904,    6943,    6982,    7022,    7062,    7102, 
   7143,    7184,    7225,    7267,    7309,    7352,    7394,    7438,    7481,    7526,    7570,    7615,    7660,    7706,    7752,    7799, 
   7846,    7894,    7942,    7990,    8039,    8089,    8139,    8189,    8240,    8291,    8343,    8396,    8449,    8503,    8557,    8611, 
   8667,    8723,    8779,    8836,    8894,    8952,    9011,    9070,    9130,    9191,    9253,    9315,    9378,    9441,    9506,    9571, 
   9636,    9703,    9770,    9838,    9907,    9977,   10047,   10118,   10190,   10263,   10337,   10412,   10488,   10564,   10642,   10720, 
  10800,   10881,   10962,   11045,   11128,   11213,   11299,   11386,   11474,   11563,   11653,   11745,   11838,   11932,   12027,   12124, 
  12222,   12322,   12423,   12525,   12629,   12734,   12841,   12949,   13059,   13170,   13284,   13398,   13515,   13634,   13754,   13876, 
  14000,   14126,   14254,   14384,   14516,   14650,   14787,   14926,   15067,   15210,   15356,   15504,   15655,   15809,   15965,   16124, 
  16286,   16450,   16618,   16789,   16963,   17140,   17321,   17505,   17692,   17883,   18078,   18277,   18480,   18687,   18898,   19113, 
  19333,   19558,   19787,   20022,   20261,   20505,   20756,   21011,   21273,   21540,   21814,   22094,   22381,   22675,   22976,   23284, 
  23600,   23924,   24256,   24597,   24947,   25307,   25676,   26055,   26444,   26845,   27257,   27681,   28118,   28567,   29030,   29508, 
  30000,   30508,   31032,   31574,   32133,   32712,   33310,   33930,   34571,   35236,   35926,   36642,   37385,   38157,   38960,   39796, 
  40667,   41574,   42522,   43511,   44545,   45628,   46762,   47951,   49200,   50513,   51895,   53351,   54889,   56514,   58235,   60061, 
  62000,   64065,   66267,   68621,   71143,   73852,   76769,   79920,   83333,   87043,   91091,   95524,  100400,  105789,  111778,  118471, 
 126000,  134533,  144286,  155538,  168667,  184182,  202800,  225556,  254000,  290571,  339333,  407600,  510000,  680667, 1022000, 2046000 };